Adımlar: 2
Geçen zaman: 1.531 saniye
Ziyaret Edilen Hücreler: 
[17, 3]
[16, 3]
[16, 4]

=====================
Adımlar: 11
Geçen zaman: 6.087 saniye
Ziyaret Edilen Hücreler: 
[12, 15]
[11, 15]
[10, 15]
[9, 15]
[8, 15]
[8, 16]
[8, 17]
[8, 18]
[8, 19]
[9, 19]
[10, 19]
[11, 19]

=====================
Adımlar: 152
Geçen zaman: 6.867 saniye
Ziyaret Edilen Hücreler: 
[1, 1]
[1, 2]
[1, 3]
[1, 4]
[1, 5]
[2, 5]
[3, 5]
[3, 6]
[3, 7]
[2, 7]
[1, 7]
[1, 8]
[1, 9]
[1, 10]
[1, 11]
[1, 12]
[1, 13]
[2, 13]
[3, 13]
[3, 12]
[3, 11]
[4, 11]
[5, 11]
[6, 11]
[7, 11]
[7, 10]
[7, 9]
[8, 9]
[9, 9]
[10, 9]
[11, 9]
[12, 9]
[13, 9]
[14, 9]
[15, 9]
[15, 8]
[15, 7]
[14, 7]
[13, 7]
[12, 7]
[11, 7]
[11, 6]
[11, 5]
[10, 5]
[9, 5]
[8, 5]
[7, 5]
[7, 6]
[7, 7]
[6, 7]
[5, 7]
[5, 6]
[5, 5]
[5, 4]
[5, 3]
[4, 3]
[3, 3]
[3, 2]
[3, 1]
[4, 1]
[5, 1]
[6, 1]
[7, 1]
[8, 1]
[9, 1]
[9, 2]
[9, 3]
[10, 3]
[11, 3]
[11, 2]
[11, 1]
[12, 1]
[13, 1]
[13, 2]
[13, 3]
[14, 3]
[15, 3]
[15, 2]
[15, 1]
[16, 1]
[17, 1]
[17, 2]
[17, 3]
[18, 3]
[19, 3]
[20, 3]
[21, 3]
[22, 3]
[23, 3]
[24, 3]
[25, 3]
[25, 4]
[25, 5]
[24, 5]
[23, 5]
[22, 5]
[21, 5]
[21, 6]
[21, 7]
[22, 7]
[23, 7]
[23, 8]
[23, 9]
[22, 9]
[21, 9]
[21, 10]
[21, 11]
[21, 12]
[21, 13]
[22, 13]
[23, 13]
[23, 12]
[23, 11]
[24, 11]
[25, 11]
[25, 12]
[25, 13]
[26, 13]
[27, 13]
[27, 14]
[27, 15]
[28, 15]
[29, 15]
[29, 16]
[29, 17]
[29, 18]
[29, 19]
[29, 20]
[29, 21]
[28, 21]
[27, 21]
[27, 22]
[27, 23]
[27, 24]
[27, 25]
[28, 25]
[29, 25]
[29, 26]
[29, 27]
[28, 27]
[27, 27]
[26, 27]
[25, 27]
[24, 27]
[23, 27]
[23, 28]
[23, 29]
[24, 29]
[25, 29]
[26, 29]
[27, 29]
[28, 29]
[29, 29]

=====================
